124
132
140
141
143
146
147
148
149
150
154
155
156
157
162
163
165
166
167
168
169
171
172
173
174
176
178
179
180
181
182
183
184
185
186
187
189
190
193
195
211
214
225
226
227
241
253
258
259
262
263
264
269
270
271
272
273
276
277
279
285
288
289
290
291
292
293
296
297
299
300
301
304
306
307
308
309
310
313
315
316
317
318
319
321
322
323
326
327
328
331
332
333
336
343
344
346
353
355
357
358
359
364
365
367
368
369
372
374
377
378
379
380
381
385
387
388
389
390
391
392
393
394
395
396
398
399
401
402
403
404
405
406
407
408
409
410
411
412
413
414
415
416
417
418
419
420
421
422
423
424
425
427
428
429
430
431
432
433
434
435
436
437
438
439
440
441
442
443
444
445
446
447
448
449
450
451
452
453
454
455
456
457
458
459
460
461
462
463
464
465
466
467
468
469
470
471
472
473
474
475
480
481
482
484
485
486
487
488
490
491
492
494
495
496
497
498
503
508
511
512
513
514
520
521
522
524
526
529
530
533
536
537
539
543
544
548
549
554
557
562
563
564
565
566
567
568
569
570
571
572
573
576
582
583
584
585
586
587
590
591
596
597
598
600
601
603
604
606
607
608
609
610
611
612
613
614
615
618
619
620
621
623
625
628
629
630
631
633
634
635
636
637
638
639
641
642
643
644
645
646
650
651
652
653
659
660
661
662
664
665
667
668
669
674
675
676
679
680
681
682
683
684
687
688
689
690
692
693
695
696
697
698
699
700
701
702
707
708
713
714
717
718
719
720
721
722
724
726
727
728
732
733
734
735
736
737
741
742
743
747
748
752
753
757
758
759
760
769
771
776
780
782
783
785
786
787
788
789
790
792
795
798
799
807
809
810
811
815
816
818
822
824
825
829
831
837
838
839
842
848
851
852
856
858
859
863
864
865
869
870
873
875
877
880
883
889
890
893
894
895
896
897
905
906
909
910
919
920
927
929
930
931
935
936
937
938
939
940
942
943
945
946
947
949
950
952
954
955
956
957
958
960
961
962
964
965
966
971
972
973
974
975
976
977
978
979
980
981
983
984
985
987
988
989
990
992
993
999
1001
1003
1005
1007
1008
1010
1012
1014
1016
1017
1020
1021
1022
1023
1024
1025
1026
1027
1028
1029
1030
1032
1034
1035
1036
1037
1038
1041
1042
1044
1045
1046
1049
1050
1052
1053
1054
1055
1057
1058
1059
1060
1062
1063
1064
1065
1066
1069
1071
1075
1076
1077
1080
1081
1082
1090
1091
1092
1093
1097
1098
1099
1103
1104
1105
1106
1107
1108
1111
1112
1113
1118
1119
1122
1123
1124
1127
1128
1129
1130
1131
1132
1133
1135
1137
1138
1139
1141
1142
1143
1144
1145
1146
1156
1160
1161
1162
1165
1166
1167
1168
1169
1170
1171
1175
1176
1177
1178
1180
1181
1182
1183
1185
1192
1196
1199
1200
1205
1213
1214
1215
1216
1221
1222
1223
1224
1225
1228
1234
1235
1236
1237
1238
1248
1249
1250
1251
1252
1256
1257
1259
1260
1266
1267
1268
1271
1273
1274
1275
1276
1277
1278
1279
1286
1287
1288
1289
1290
1291
1292
1293
1294
1295
1296
1302
1303
1304
1305
1308
1309
1310
1311
1312
1313
1314
1321
1322
1323
1325
1329
1335
1336
1337
1343
1344
1345
1346
1347
1354
1355
1356
1357
1360
1361
1362
1363
1369
1376
1377
1378
1379
1380
1383
1384
1385
1386
1387
1388
1393
1394
1395
1399
1400
1401
1402
1403
1404
1412
1413
1414
1415
1419
1420
1421
1422
1423
1432
1436
1442
1444
1450
1454
1455
1456
1462
1463
1465
1466
1469
1470
1473
1474
1476
1477
1478
1481
1482
1483
1485
1486
1487
1490
1491
1492
1494
1497
1498
1501
1510
1511
1512
1515
1516
1525
1526
1529
1530
1534
1537
1538
1539
1540
1541
1543
1545
1546
1547
1548
1550
1552
1553
1554
1555
1556
1559
1562
1563
1564
1566
1567
1568
1569
1571
1573
1574
1575
1578
1582
1583
1584
1586
1587
1591
1592
1596
1597
1602
1603
1604
1606
1607
1608
1609
1610
1611
1612
1615
1618
1619
1624
1625
1626
1628
1629
1632
1637
1640
1641
1642
1643
1646
1653
1654
1655
1660
1661
1662
1673
1674
1675
1676
1678
1682
1683
1684
1685
1686
1687
1688
1689
1690
1691
1692
1693
1694
1695
1696
1697
1698
1699
1702
1703
1704
1705
1708
1715
1716
1717
1718
1724
1725
1726
1727
1728
1729
1732
1737
1740
1745
1746
1748
1755
1756
1758
1760
1761
1762
1763
1764
1765
1774
1775
1778
1779
1781
1787
1794
1798
1799
1801
1802
1805
1808
1809
1810
1811
1812
1813
1819
1826
1827
1828
1829
1830
1831
1832
1833
1834
1835
1837
1838
1839
1849
1851
1853
1854
1855
1856
1857
1858
1859
1863
1864
1866
1867
1871
1872
1873
1874
1875
1876
1877
1878
1887
1888
1891
1892
1911
1912
1913
1927
1928
1929
1930
1931
1932
1938
1939
1941
1957
1958
1959
1963
1964
1965
1966
1967
1968
1969
1970
1971
1981
1982
1983
1999
2000
2001
2002
2011
2015
2026
2029
2031
2033
2034
2038
2039
2040
2041
2042
2043
2044
2045
2053
2054
2059
2060
2061
2062
2063
2067
2068
2069
2080
2081
2082
2083
2084
2085
2086
2096
2097
2104
2105
2106
2123
2124
2125
2126
2127
2128
2129
2130
2131
2142
2144
2147
2152
2153
2155
2156
2157
2159
2167
2171
2172
2174
2175
2176
2177
2178
2179
2180
2181
2182
2183
2184
2194
2195
2196
2197
2198
2199
2209
2210
2215
2223
2225
2234
2235
2236
2237
2239
2241
2242
2245
2249
2250
2251
2252
2253
2255
2256
2263
2268
2269
2270
2274
2275
2277
2285
2286
2287
2297
2299
2300
2303
2304
2305
2306
2307
2309
2310
2311
2312
2315
2316
2317
2318
2319
2320
2328
2330
2331
2332
2333
2334
2335
2336
2338
2340
2342
2345
2346
2347
2348
2350
2351
2352
2353
2354
2356
2357
2358
2362
2365
2366
2367
2369
2370
2372
2373
2374
2375
2381
2383
2385
2386
2387
2388
2391
2392
2393
2394
2395
2397
2398
2410
2411
2412
2414
2415
2416
2417
2418
2419
2420
2421
2422
2423
2424
2425
2426
2427
2428
2431
2434
2435
2437
2438
2439
2441
2442
2443
2444
2445
2447
2456
2457
2458
2460
2461
2462
2463
2464
2467
2468
2477
2478
2482
2483
2485
2487
2488
2491
2502
2503
2505
2506
2507
2516
2517
2519
2521
2523
2524
2527
2529
2537
2540
2541
2543
2544
2550
2553
2554
2555
2557
2563
2565
2566
2569
2574
2579
2581
2582
2583
2585
2593
2594
2596
2610
2611
2614
2618
2620
2621
2622
2624
2625
2626
2627
2628
2631
2632
2634
2635
2636
2637
2638
2639
2640
2641
2642
2643
2644
2645
2646
2648
2649
2651
2654
2655
2657
2658
2659
2660
2661
2662
2663
2670
2673
2675
2676
2678
2679
2680
2682
2683
2699
2701
2702
2711
2712
2713
2714
2715
2729
2731
2734
2735
2736
2737
2740
2757
2758
2759
2761
2762
2763
2774
2776
2778
2779
2782
2787
2788
2805
2806
2813
2819
2822
2824
2832
2834
2836
2838
2851
2854
2856
2857
2868
2870
2880
2882
2889
2890
2895
2904
2910
2911
2913
2914
2919
2920
2921
2922
2923
2929
2932
2937
2940
2952
2953
2955
2956
2957
2960
2961
2962
2963
2964
2966
2967
2968
2969
2974
2975
2979
2981
2983
2990
2991
2993
2996
3001
3004
3006
3007
3010
3011
3016
3017
3019
3021
3031
3036
3037
3043
3061
3078
3084
3085
3106
3107
3108
3109
3110
3115
3118
3119
3131
3138
3139
3140
3154
3157
3160
3161
3162
3163
3165
3178
3179
3180
3181
3182
3183
3184
3193
3194
3195
3196
3197
3198
3211
3220
3221
3234
3235
3237
3242
3243
3244
3248
3249
3250
3251
3252
3254
3255
3256
3257
3258
3259
3261
3281
3283
3285
3307
3308
3309
3310
3311
3316
3335
3336
3343
3355
3356
3372
3373
3375
3378
3393
3395
3396
3402
3403
3408
3409
3410
3411
3412
3413
3438
3440
3441
3443
3452
3456
3457
3458
3459
3460
3461
3462
3463
3464
3465
3466
3467
3468
3469
3470
3471
3472
3473
3477
3478
3479
3480
3481
3482
3484
3486
3488
3489
3491
3493
3495
3496
3497
3499
3501
3502
3503
3504
3505
3506
3530
3531
3532
3533
3534
3535
3549
3550
3555
3556
3557
3558
3559
3560
3562
3563
3564
3569
3571
3572
3574
3575
3578
3579
3580
3581
3582
3583
3584
3586
3587
3588
3589
3590
3591
3596
3597
3598
3599
3615
3616
3617
3618
3620
3621
3622
3623
3624
3641
3658
3659
3660
3661
3674
3676
3677
3684
3685
3688
3689
3720
3721
3722
3723
3724
3725
3726
3727
3728
3729
3730
3731
3732
3733
3734
3735
3739
3768
3777
3778
3779
3780
3781
3782
3783
3784
3785
3786
3787
3790
3803
3809
3810
3812
3813
3814
3815
3818
3835
3839
3840
3841
3842
3843
3844
3865
3866
3867
3868
3869
3870
3871
3872
3873
3874
3886
3887
3888
3889
3890
3891
3892
3893
3894
3895
3896
3898
3899
3900
3930
3931
3932
3933
3935
3945
3946
3947
3948
3949
3950
3951
3952
3953
3954
3956
3957
3983
3984
3985
3986
3987
3988
3989
3990
3992
3993
4010
4012
4015
4025
4026
4027
4028
4030
4031
4032
4036
4037
4038
4039
4040
4041
4042
4043
4044
4045
4046
4047
4048
4049
4050
4053
4055
4056
4058
4059
4062
4064
4065
4066
4067
4068
4069
4070
4071
4072
4073
4075
4076
4077
4078
4101
4118
4119
4120
4121
4122
4123
4124
4125
4137
4138
4156
4157
4159
4160
4161
4162
4164
4165
4166
4167
4168
4169
4170
4171
4172
4173
4174
4175
4176
4177
4179
4181
4182
4183
4184
4186
4187
4189
4190
4191
4192
4193
4195
4198
4199
4200
4201
4202
4203
4204
4205
4207
4222
4223
4224
4225
4226
4227
4228
4230
4231
4232
4233
4234
4237
4238
4239
4240
4241
4242
4243
4246
4248
4254
4259
4261
4263
4279
4280
4281
4282
4283
4284
4285
4286
4287
4292
4310
4311
4313
4314
4315
4316
4317
4318
4319
4320
4321
4322
4323
4324
4325
4326
4327
4328
4330
4361
4362
4363
4364
4366
4369
4370
4371
4377
4382
4383
4385
4386
4387
4388
4389
4390
4410
4421
4427
4428
4435
4465
4467
4468
4469
4470
4471
4472
4473
4475
4476
4492
4493
4494
4495
4496
4501
4503
4504
4513
4514
4515
4516
4518
4520
4521
4523
4526
4527
4530
4533
4550
4551
4552
4576
4577
4578
4579
4580
4581
4582
4583
4584
4585
4586
4602
4603
4604
4605
4606
4625
4627
4629
4631
4632
4633
4638
4639
4640
4641
4650
4651
4652
4653
4654
4655
4656
4657
4660
4661
4662
4663
4668
4669
4684
4685
4686
4687
4688
4689
4691
4692
4693
4694
4695
4696
4697
4698
4699
4700
4701
4709
4734
4735
4736
4737
4738
4747
4749
4751
4752
4753
4754
4768
4769
4770
4771
4772
4773
4774
4775
4776
4777
4778
4779
4781
4782
4783
4784
4785
4791
4794
4795
4796
4797
4798
4799
4800
4801
4803
4805
4806
4810
4817
4818
4820
4823
4824
4825
4826
4829
4831
4833
4834
4840
4841
4842
4843
4844
4847
4848
4849
4850
4851
4854
4872
4875
4876
4882
4884
4885
4888
4890
4891
4892
4893
4894
4895
4904
4905
4906
4907
4908
4909
4910
4911
4912
4913
4914
4915
4916
4932
4933
4934
4935
4936
4937
4938
4939
4940
4941
4942
4951
4952
4953
4954
4958
4959
4960
4969
4970
4971
4973
4974
4975
4977
4990
4991
4996
5019
5021
5025
5026
5029
5030
5031
5032
5034
5038
5040
5043
5047
5048
5057
5064
5065
5066
5068
5069
5074
5076
5081
5082
5083
5087
5089
5090
5094
5110
5111
5114
5115
5116
5117
5118
5120
5121
5122
5123
5124
5125
5127
5128
5129
5133
5136
5137
5138
5140
5141
5142
5144
5146
5147
5151
5152
5153
5154
5155
5156
5157
5158
5159
5160
5161
5162
5163
5164
5166
5167
5170
5171
5172
5176
5177
5178
5180
5186
5187
5188
5192
5194
5195
5196
5198
5199
5200
5202
5203
5204
5206
5207
5208
5210
5211
5213
5214
5215
5218
5270
5274
5275
5276
5278
5279
5280
5281
5283
5284
5285
5287
5290
5291
5292
5293
5294
5295
5296
5297
5298
5299
5300
5301
5302
5305
5307
5308
5309
5311
5312
5314
5315
5318
5320
5321
5324
5325
5326
5329
5330
5331
5332
5333
5334
5337
5373
5374
5375
5376
5384
5386
5387
5388
5389
5390
5391
5392
5393
5394
5395
5397
5399
5401
5402
5403
5406
5407
5408
5409
5410
5411
5412
5413
5414
5422
5431
5433
5434
5435
5436
5438
5439
5442
5444
5446
5449
5450
5454
5459
5461
5465
5466
5468
5470
5471
5472
5473
5474
5475
5477
5478
5480
5481
5482
5483
5484
5485
5486
5487
5489
5490
5493
5511
5513
5516
5518
5519
5520
5521
5522
5523
5524
5525
5527
5528
5529
5530
5531
5532
5533
5534
5535
5536
5537
5538
5539
5540
5541
5542
5543
5544
5545
5546
5547
5553
5555
5556
5558
5560
5574
5575
5576
5578
5579
5580
5581
5582
5583
5584
5585
5586
5588
5589
5590
5591
5592
5593
5594
5595
5596
5597
5598
5599
5600
5601
5602
5603
5604
5605
5606
5607
5608
5609
5610
5611
5612
5613
5614
5615
5616
5617
5618
5619
5620
5621
5622
5623
5625
5626
5627
5629
5630
5631
5632
5633
5634
5635
5636
5637
5638
5639
5640
5655
5656
5657
5658
5659
5660
5662
5664
5665
5666
5668
5670
5671
5692
5694
5721
5722
5723
5724
5725
5730
5731
5732
5733
5734
5735
5736
5738
5739
5740
5741
5743
5744
5745
5746
5747
5748
5749
5750
5751
5752
5753
5754
5755
5757
5760
5762
5763
5765
5790
5791
5793
5795
5799
5802
5822
5823
5824
5825
5826
5827
5830
5831
5832
5833
5837
5851
5852
5869
5872
5873
5874
5875
5876
5877
5879
5895
5896
5897
5898
5899
5900
5906
5907
5908
5920
5935
5936
5937
5938
5939
5940
5941
5942
5943
5944
5945
5946
5947
5949
5950
5951
5952
5953
5954
5955
5956
5957
5958
5959
5960
5961
5962
5963
5964
5965
5966
5967
5968
5969
5970
5971
5972
5973
5976
5978
5979
5980
5983
5984
5985
5986
5987
5988
5989
5990
5992
5994
5997
6003
6019
6021
6024
6026
6047
6048
6049
6050
6051
6052
6053
6054
6056
6057
6058
6059
6060
6061
6062
6063
6064
6066
6067
6068
6071
6072
6073
6074
6075
6076
6079
6080
6082
6083
6085
6089
6117
6118
6120
6121
6122
6123
6124
6125
6126
6127
6128
6129
6130
6131
6132
6133
6134
6136
6138
6140
6141
6142
6143
6144
6146
6147
6148
6149
6152
6153
6155
6156
6157
6158
6160
6161
6162
6164
6165
6167
6168
6169
6170
6171
6172
6173
6174
6175
6176
6177
6179
6180
6181
6182
6184
6185
6186
6187
6188
6189
6190
6191
6192
6193
6194
6195
6196
6197
6198
6199
6200
6201
6202
6203
6205
6206
6207
6209
6210
6211
6216
6217
6218
6219
6220
6221
6223
6224
6225
6226
6227
6228
6229
6231
6233
6235
6239
6257
6258
6275
6276
6277
6278
6288
6289
6290
6291
6292
6293
6294
6295
6297
6299
6301
6302
6303
6307
6308
6309
6310
6311
6312
6313
6314
6315
6316
6317
6318
6326
6329
6334
6335
6337
6340
6348
6353
6354
6355
6356
6357
6359
6360
6361
6362
6364
6365
6366
6367
6368
6369
6370
6372
6380
6381
6382
6383
6384
6385
6386
6387
6388
6389
6391
6392
6393
6396
6397
6398
6399
6400
6401
6402
6403
6404
6405
6406
6407
6408
6412
6413
6416
6419
6422
6424
6427
6430
6434
6436
6439
6442
6443
6450
6455
6456
6457
6458
6461
6462
6463
6464
6468
6469
6470
6471
6472
6473
6474
6475
6476
6477
6478
6479
6480
6481
6482
6483
6484
6485
6486
6487
6488
6489
6490
6491
6492
6493
6494
6495
6496
6497
6498
6499
6500
6501
6502
6503
6504
6505
6506
6507
6508
6509
6510
6511
6512
6513
6514
6515
6516
6518
6519
6520
6522
6523
6524
6525
6527
6528
6530
6531
6532
6533
6534
6536
6537
6538
6539
6540
6541
6542
6543
6544
6545
6546
6548
6549
6551
6552
6553
6554
6556
6557
6558
6559
6560
6561
6562
6563
6564
6565
6566
6568
6569
6570
6571
6572
6575
6577
6579
6591
6593
6606
6607
6608
6609
6610
6611
6615
6616
6617
6619
6631
6633
6634
6635
6636
6638
6639
6641
6643
6647
6652
6657
6658
6661
6662
6663
6664
6665
6667
6670
6672
6673
6674
6676
6677
6678
6679
6680
6681
6682
6683
6684
6685
6686
6688
6691
6694
6696
6698
6699
6700
6735
6736
6737
6738
6739
6740
6741
6742
6743
6744
6745
6746
6747
6748
6749
6750
6751
6752
6753
6754
6755
6756
6757
6758
6759
6760
6761
6763
6765
6766
6767
6768
6769
6770
6771
6772
6773
6775
6776
6777
6778
6779
6780
6781
6782
6783
6785
6786
6787
6788
6789
6790
6791
6792
6793
6794
6795
6796
6797
6798
6799
6800
6801
6802
6803
6804
6805
6806
6807
6808
6809
6810
6811
6812
6813
6814
6815
6816
6817
6819
6820
6821
6822
6823
6824
6825
6826
6827
6828
6829
6830
6831
6832
6833
6834
6835
6836
6838
6839
6840
6841
6842
6843
6844
6846
6862
6866
6867
6868
6873
6874
6879
6880
6881
6882
6883
6884
6885
6886
6887
6888
6895
6896
6897
6898
6899
6900
6901
6902
6903
6904
6905
6906
6907
6908
6909
6910
6911
6912
6913
6914
6915
6916
6917
6932
6933
6934
6935
6936
6937
6941
6944
6951
6953
6955
6959
6978
6979
6980
6981
6984
6985
6986
6987
6988
6989
6990
6991
6992
6993
6994
6995
6996
6997
6998
7004
7005
7006
7007
7008
7032
7033
7035
7036
7037
7038
7039
7040
7041
7042
7043
7044
7045
7046
7047
7049
7050
7051
7052
7053
7054
7055
7059
7060
7062
7063
7064
7065
7066
7067
7068
7069
7070
7076
7078
7091
7092
7093
7094
7095
7096
7097
7099
7100
7102
7104
7114
7115
7116
7117
7119
7120
7122
7123
7124
7125
7126
7127
7128
7129
7130
7131
7132
7133
7134
7135
7136
7137
7138
7140
7141
7142
7143
7144
7145
7146
7148
7149
7150
7151
7152
7153
7154
7155
7156
7157
7158
7159
7160
7161
7162
7163
7164
7166
7167
7169
7170
7171
7173
7174
7175
7176
7178
7184
7185
7187
7190
7191
7194
7210
7213
7225
7231
7234
7236
7249
7250
7251
7252
7253
7254
7255
7256
7257
7258
7259
7260
7273
7274
7275
7276
7277
7278
7279
7280
7281
7282
7283
7284
7285
7286
7287
7288
7289
7290
7291
7292
7293
7294
7295
7296
7297
7298
7299
7300
7301
7302
7303
7304
7305
7306
7307
7308
7309
7310
7311
7312
7313
7315
7316
7317
7322
7325
7341
7344
7345
7346
7347
7348
7349
7350
7351
7352
7353
7355
7356
7357
7358
7359
7361
7362
7363
7364
7365
7366
7367
7368
7369
7372
7374
7376
7381
7383
7385
7388
7392
7393
7394
7395
7396
7397
7398
7399
7400
7401
7402
7403
7404
7405
7406
7407
7408
7409
7410
7411
7412
7413
7414
7415
7416
7417
7418
7419
7420
7421
7422
7423
7424
7425
7426
7428
7429
7435
7449
7455
7456
7457
7458
7459
7460
7461
7462
7463
7464
7465
7466
7467
7468
7469
7470
7471
7472
7473
7474
7475
7476
7477
7478
7492
7496
7497
7500
7502
7503
7509
7510
7511
7512
7513
7514
7515
7516
7517
7518
7519
7527
7528
7529
7534
7535
7536
7537
7538
7539
7541
7542
7543
7544
7545
7548
7549
7550
7551
7552
7553
7554
7556
7559
7560
7562
7564
7584
7587
7590
7594
7598
7602
7603
7604
7605
7606
7607
7610
7611
7617
7620
7624
7627
7628
7629
7642
7643
7644
7645
7647
7649
7653
7654
7655
7656
7657
7658
7659
7660
7661
7662
7663
7665
7677
7678
7679
7680
7681
7682
7683
7684
7685
7686
7710
7713
7720
7721
7722
7723
7724
7725
7726
7727
7728
7729
7730
7732
7733
7734
7736
7737
7738
7739
7740
7741
7742
7743
7744
7745
7747
7749
7752
7754
7759
7776
7777
7778
7779
7780
7781
7782
7783
7822
7824
7827
7839
7840
7841
7842
7843
7844
7845
7846
7847
7848
7849
7850
7851
7852
7853
7854
7855
7856
7857
7860
7863
7884
7888
7895
7896
7897
7898
7899
7900
7901
7902
7903
7904
7905
7906
7907
7908
7909
7910
7911
7912
7913
7919
7932
7933
7934
7935
7937
7939
7941
7958
7959
7960
7961
7962
7963
7964
7965
7966
7967
7968
7969
7970
7971
7972
7973
7974
7975
7976
7977
7978
7980
7981
7984
7988
7992
8013
8015
8019
8020
8022
8042
8043
8044
8046
8047
8048
8049
8050
8051
8052
8053
8054
8056
8057
8059
8061
8063
8064
8065
8066
8067
8068
8069
8071
8072
8074
8077
8080
8111
8114
8119
8122
8142
8143
8144
8146
8147
8148
8159
8161
8187
8190
8191
8192
8195
8196
8197
8198
8199
8210
8212
8229
8230
8231
8232
8236
8239
8241
8243
8246
8250
8254
8265
8266
8267
8268
8270
8271
8272
8273
8274
8275
8276
8277
8278
8279
8280
8281
8282
8283
8284
8285
8286
8287
8288
8289
8290
8291
8292
8293
8294
8295
8296
8297
8301
8325
8327
8329
8333
8341
8342
8345
8346
8347
8348
8357
8359
8361
8364
8368
8388
8389
8390
8391
8392
8393
8395
8396
8397
8398
8400
8401
8405
8407
8410
8439
8440
8441
8442
8443
8444
8445
8448
8453
8457
8459
8462
8479
8480
8481
8482
8483
8484
8485
8486
8487
8488
8489
8490
8491
8492
8494
8495
8496
8497
8499
8500
8501
8502
8504
8505
8506
8507
8508
8509
8510
8511
8512
8514
8517
8519
8520
8523
8534
8556
8557
8558
8559
8560
8561
8562
8564
8566
8567
8622
8623
8624
8625
8626
8628
8635
8636
8673
8674
8675
8676
8677
8678
8680
8681
8682
8684
8685
8686
8687
8688
8689
8690
8691
8692
8693
8694
8695
8696
8698
8718
8719
8722
8724
8726
8728
8733
8744
8745
8746
8747
8748
8749
8751
8757
8760
8776
8777
8780
8781
8783
8785
8787
8802
8804
8805
8806
8807
8808
8809
8810
8811
8812
8813
8814
8816
8820
8821
8825
8833
8834
8836
8839
8843
8850
8853
8855
8856
8857
8858
8859
8860
8861
8862
8863
8864
8865
8866
8869
8870
8871
8872
8873
8874
8875
8876
8877
8878
8879
8880
8881
8882
8883
8884
8886
8888
8889
8890
8891
8892
8894
8895
8896
8897
8898
8899
8900
8901
8903
8904
8905
8907
8908
8909
8910
8911
8912
8913
8914
8915
8917
8918
8919
8920
8921
8922
8924
8925
8926
8927
8928
8929
8930
8931
8932
8933
8934
8935
8937
8938
8939
8940
8942
8944
8946
8950
8953
8955
8974
8984
8986
8987
8988
8989
8990
8991
8992
8993
8994
8995
8996
8997
8998
8999
9000
9001
9002
9003
9004
9005
9006
9007
9008
9009
9010
9011
9012
9013
9014
9015
9016
9017
9018
9020
9021
9022
9023
9024
9025
9026
9027
9028
9029
9030
9031
9032
9034
9035
9036
9037
9038
9039
9040
9041
9044
9045
9065
9066
9067
9068
9069
9070
9071
9072
9073
9074
9075
9076
9110
9111
9130
9131
9157
9158
9159
9162
9164
9166
9169
9171
9173
9174
9175
9176
9177
9178
9179
9180
9181
9182
9183
9184
9188
9190
9191
9192
9193
9197
9202
9204
9207
9209
9213
9214
9215
9216
9217
9218
9220
9221
9222
9223
9224
9225
9226
9227
9228
9230
9231
9248
9249
9250
9251
9252
9253
9254
9255
9256
9258
9260
9261
9262
9263
9264
9265
9266
9267
9268
9269
9270
9271
9272
9273
9274
9275
9276
9278
9279
9280
9281
9282
9316
9319
9321
9322
9323
9324
9325
9326
9327
9328
9329
9330
9331
9333
9335
9337
9342
9343
9344
9345
9347
9348
9349
9350
9351
9352
9353
9354
9355
9356
9357
9358
9359
9360
9361
9362
9364
9367
9398
9399
9400
9401
9403
9404
9405
9406
9407
9408
9409
9410
9411
9413
9414
9415
9416
9417
9418
9419
9420
9423
9426
9428
9433
9440
9446
9465
9466
9467
9468
9471
9472
9473
9475
9477
9479
9481
9485
9490
9496
9497
9498
9501
9502
9503
9504
9505
9506
9507
9508
9509
9510
9511
9512
9514
9518
9519
9526
9527
9531
9532
9533
9534
9535
9536
9537
9538
9539
9540
9542
9543
9544
9545
9546
9547
9550
9552
9554
9555
9556
9557
9559
9563
9570
9575
9580
9582
9585
9586
9613
9614
9615
9616
9617
9618
9619
9620
9621
9622
9623
9624
9625
9626
9627
9628
9629
9630
9631
9632
9633
9634
9635
9636
9637
9638
9639
9640
9650
9651
9652
9653
9655
9657
9658
9659
9660
9661
9662
9663
9666
9667
9672
9674
9676
9678
9681
9682
9684
9685
9686
9687
9688
9709
9710
9711
9712
9713
9715
9716
9717
9718
9719
9720
9721
9732
9736
9739
9740
9741
9742
9743
9744
9745
9746
9747
9748
9749
9750
9751
9752
9753
9754
9755
9756
9757
9758
9759
9760
9761
9762
9763
9764
9765
9766
9767
9768
9769
9770
9771
9772
9773
9774
9775
9776
9777
9778
9779
9780
9781
9782
9783
9784
9785
9786
9787
9788
9789
9790
9791
9792
9793
9795
9796
9797
9798
9799
9800
9801
9802
9803
9804
9805
9806
9807
9808
9809
9810
9811
9812
9813
9814
9815
9817
9818
9820
9821
9822
9823
9824
9825
9826
9827
9828
9829
9830
9831
9832
9833
9834
9835
9836
9837
9838
9839
9840
9841
9842
9843
9844
9845
9846
9847
9850
9851
9852
9854
9855
9856
9857
9858
9859
9860
9861
9862
9863
9864
9865
9866
9867
9868
9869
9870
9871
9872
9873
9874
9880
9881
9884
9886
9892
9893
9895
9898
9901
9902
9904
9906
9909
9912
9923
9924
9926
9927
9928
9929
9930
9931
9938
9942
9947
9953
9955
9960
9961
9962
9963
9965
9967
9973
9975
9978
9983
9986
9998
9999
10000
10001
10002
10003
10004
10005
10006
10007
10008
10059
10060
10061
10062
10063
10064
10065
10066
10069
10070
10078
10080
10130
10131
10132
10133
10134
10135
10136
10137
10138
10139
10140
10141
10142
10143
10144
10145
10146
10147
10148
10149
10150
10151
10152
10153
10154
10155
10156
10157
10158
10159
10161
10163
10164
10165
10168
10170
10171
10174
10176
10178
10182
10186
10188
10190
10196
10204
10205
10226
10227
10228
10229
10230
10231
10232
10233
10234
10235
10236
10237
10239
10242
10262
10263
10265
10268
10269
10276
10277
10278
10279
10280
10281
10282
10283
10285
10286
10288
10289
10290
10292
10293
10338
10339
10340
10341
10342
10343
10344
10345
10346
10347
10348
10349
10350
10351
10352
10353
10398
10399
10401
10402
10403
10404
10405
10406
10407
10408
10409
10410
10411
10412
10413
10414
10415
10416
10417
10418
10419
10420
10421
10422
10423
10424
10425
10426
10427
10428
10429
10430
10431
10432
10433
10434
10435
10437
10438
10439
10440
10442
10443
10444
10445
10446
10447
10448
10449
10450
10451
10452
10453
10454
10455
10457
10458
10459
10460
10461
10462
10463
10464
10465
10466
10469
10470
10471
10473
10474
10475
10476
10477
10478
10479
10480
10481
10482
10483
10484
10487
10488
10489
10490
10491
10492
10493
10494
10495
10496
10497
10500
10501
10502
10504
10514
10517
10518
10519
10520
10521
10522
10523
10524
10525
10526
10527
10529
10530
10531
10532
10533
10534
10535
10536
10537
10552
10553
10554
10555
10556
10557
10558
10559
10560
10561
10562
10563
10564
10565
10567
10568
10569
10570
10571
10572
10573
10574
10575
10576
10577
10578
10579
10580
10581
10582
10583
10584
10585
10587
10588
10589
10590
10591
10592
10593
10594
10595
10596
10597
10599
10600
10601
10602
10604
10605
10606
10607
10608
10609
10610
10611
10612
10613
10614
10615
10616
10617
10618
10621
10622
10623
10626
10627
10628
10629
10630
10631
10633
10634
10635
10637
10638
10639
10640
10641
10642
10643
10644
10645
10649
10651
10654
10655
10656
10658
10659
10683
10684
10685
10686
10687
10688
10689
10690
10691
10692
10694
10696
10708
10710
10712
10721
10722
10723
10724
10725
10726
10727
10771
10774
10775
10776
10777
10778
10779
10785
10793
10811
10828
10829
10830
10831
10833
10834
10835
10837
10838
10842
10843
10844
10845
10847
10848
10849
10850
10851
10852
10853
10854
10855
10856
10857
10858
10859
10860
10861
10862
10863
10864
10865
10866
10867
10868
10869
10870
10871
10872
10873
10874
10875
10876
10877
10878
10901
10902
10903
10904
10905
10906
10921
10924
10927
10930
10953
10958
10959
10960
10963
10972
10973
10974
10982
10983
10984
10985
10987
10990
10993
10995
10998
11001
11004
11007
11008
11011
11012
11014
11019
11020
11021
11022
11023
11024
11025
11026
11027
11028
11029
11030
11031
11032
11038
11039
11040
11041
11042
11043
11044
11045
11084
11085
11086
11087
11117
11122
11126
11127
11133
11136
11149
11153
11154
11155
11156
11157
11158
11159
11161
11162
11163
11164
11165
11166
11167
11168
11169
11195
11196
11197
11198
11199
11202
11203
11204
11205
11206
11207
11208
11209
11210
11211
11213
11214
11215
11216
11217
11218
11244
11246
11249
11259
11260
11261
11262
11263
11264
11265
11267
11268
11269
11270
11271
11272
11273
11274
11275
11279
11282
11285
11302
11308
11311
11315
11317
11319
11349
11350
11351
11352
11353
11355
11358
11361
11364
11365
11367
11373
11377
11378
11380
11383
11386
11389
11391
11392
11410
11423
11424
11425
11426
11427
11430
11432
11435
11436
11449
11450
11453
11455
11457
11460
11466
11485
11486
11487
11488
11489
11490
11491
11492
11494
11498
11499
11502
11550
11551
11553
11554
11555
11557
11558
11559
11560
11561
11564
11566
11569
11570
11572
11573
11574
11575
11576
11577
11578
11579
11580
11581
11582
11583
11585
11589
11598
11602
11603
11604
11605
11608
11609
11610
11611
11613
11619
11623
11625
11629
11631
11645
11646
11647
11648
11649
11650
11652
11653
11656
11659
11662
11664
11667
11669
11704
11705
11706
11707
11708
11710
11713
11715
11724
11753
11754
11755
11756
11757
11758
11759
11761
11762
11763
11764
11765
11766
11767
11768
11769
11770
11771
11772
11773
11774
11775
11777
11778
11779
11780
11781
11782
11784
11786
11787
11788
11791
11792
11794
11809
11810
11811
11812
11813
11814
11816
11819
11822
11825
11840
11841
11846
11849
11850
11851
11852
11853
11854
11855
11856
11857
11858
11859
11861
11862
11863
11871
11872
11873
11874
11875
11876
11877
11879
11882
11884
11905
11906
11907
11908
11909
11910
11911
11913
11915
11916
11920
11921
11923
11926
11947
11948
11949
11956
11977
11978
11979
11980
11981
11982
11983
11985
11989
11991
11994
11998
12004
12006
12010
12046
12047
12048
12049
12050
12051
12052
12053
12054
12056
12098
12099
12100
12101
12102
12103
12104
12105
12106
12107
12108
12109
12110
12111
12112
12113
12114
12115
12116
12117
12118
12121
12122
12123
12124
12125
12130
12134
12136
12138
12143
12144
12146
12148
12150
12151
12152
12153
12154
12156
12158
12159
12160
12161
12162
12166
12167
12169
12180
12181
12182
12183
12184
12186
12188
12189
12190
12191
12192
12197
12200
12217
12219
12225
12227
12228
12229
12230
12231
12232
12233
12235
12236
12237
12238
12239
12240
12241
12242
12244
12246
12247
12248
12249
12250
12255
12256
12258
12260
12261
12263
12269
12270
12271
12272
12273
12276
12279
12281
12282
12283
12284
12286
12288
12289
12291
12292
12293
12295
12297
12299
12301
12306
12308
12311
12313
12314
12315
12316
12318
12319
12321
12324
12325
12329
12350
12352
12353
12361
12364
12368
12374
12379
12382
12387
12388
12389
12390
12391
12392
12393
12394
12395
12413
12424
12428
12433
12460
12464
12465
12466
12467
12470
12471
12472
12473
12475
12478
12482
12483
12487
12493
12495
12497
12499
12502
12510
12511
12512
12514
12533
12534
12535
12536
12537
12538
12539
12567
12591
12592
12593
12594
12595
12596
12597
12598
12616
12617
12618
12619
12620
12621
12623
12624
12625
12626
12628
12629
12630
12631
12632
12633
12634
12635
12636
12637
12638
12639
12640
12641
12642
12644
12647
12649
12650
12651
12652
12653
12654
12655
12656
12657
12658
12659
12660
12661
12662
12663
12664
12665
12666
12667
12668
12669
12670
12672
12673
12674
12676
12677
12678
12679
12680
12681
12682
12683
12684
12685
12686
12687
12688
12689
12690
12692
12693
12694
12695
12696
12697
12698
12699
12700
12703
12704
12705
12706
12707
12708
12709
12710
12712
12713
12714
12715
12716
12717
12727
12728
12729
12730
12732
12733
12734
12735
12736
12737
12741
12744
12745
12746
12747
12750
12752
12755
12768
12769
12776
12778
12781
12784
12785
12786
12787
12788
12789
12798
12799
12800
12801
12802
12803
12804
12805
12806
12807
12808
12809
12810
12811
12813
12814
12815
12816
12817
12820
12821
12822
12824
12829
12844
12848
12852
12853
12854
12856
12858
12861
12862
12863
12865
12866
12867
12869
12870
12871
12873
12875
12876
12880
12881
12883
12884
12885
12886
12902
12911
12924
12925
12926
12927
12929
12930
12931
12933
12934
12940
12941
12948
12966
12967
12968
12969
12970
12973
12975
12976
12977
12978
12979
12980
12981
12982
12983
12984
12985
12986
12987
12992
12993
12994
12995
12996
12997
12998
12999
13000
13001
13002
13003
13011
13012
13013
13014
13015
13016
13017
13018
13020
13021
13022
13023
13024
13025
13026
13027
13028
13029
13030
13036
13039
13040
13041
13051
13052
13053
13054
13055
13056
13057
13058
13059
13060
13061
13062
13063
13064
13065
13066
13067
13069
13070
13071
13072
13073
13074
13075
13076
13077
13078
13079
13080
13081
13082
13083
13084
13085
13086
13087
13088
13089
13090
13091
13092
13093
13094
13095
13096
13097
13098
13099
13100
13101
13102
13104
13105
13107
13108
13109
13110
13111
13112
13113
13114
13115
13117
13118
13119
13120
13121
13122
13123
13124
13125
13126
13127
13128
13129
13130
13132
13133
13134
13135
13136
13137
13138
13139
13141
13145
13146
13147
13149
13151
13155
13167
13168
13169
13170
13171
13173
13175
13176
13177
13178
13179
13180
13181
13182
13183
13184
13185
13186
13187
13188
13189
13190
13191
13192
13193
13194
13195
13196
13197
13198
13199
13201
13202
13203
13204
13206
13207
13208
13209
13210
13211
13212
13213
13214
13215
13217
13218
13219
13220
13221
13222
13223
13224
13225
13226
13227
13228
13229
13230
13231
13232
13233
13234
13235
13236
13237
13241
13247
13258
13259
13260
13261
13262
13264
13265
13266
13267
13268
13269
13270
13271
13272
13278
13279
13280
13281
13282
13290
13293
13296
13303
13323
13324
13328
13329
13330
13331
13343
13344
13345
13346
13347
13348
13350
13351
13352
13353
13354
13355
13356
13357
13358
13359
13369
13384
13388
13389
13390
13391
13392
13393
13394
13395
13396
13399
13400
13401
13402
13406
13407
13425
13426
13427
13428
13429
13433
13442
13443
13444
13445
13447
13448
13449
13451
13452
13453
13454
13455
13456
13457
13458
13459
13462
13486
13487
13488
13489
13490
13491
13492
13493
13494
13495
13496
13497
13498
13499
13500
13501
13502
13503
13504
13508
13520
13521
13522
13525
13527
13531
13545
13546
13547
13548
13549
13550
13551
13552
13553
13554
13555
13556
13557
13558
13563
13586
13587
13588
13590
13591
13594
13597
13618
13619
13620
13621
13622
13623
13624
13625
13626
13628
13633
13635
13647
13650
13659
13661
13668
13669
13670
13671
13672
13673
13674
13675
13676
13679
13680
13683
13691
13692
13695
13697
13700
13703
13711
13712
13713
13714
13715
13717
13718
13731
13733
13735
13738
13742
13757
13758
13759
13760
13761
13762
13764
13766
13769
13773
13790
13793
13795
13798
13804
13805
13806
13808
13809
13810
13811
13812
13813
13814
13815
13820
13822
13824
13831
13847
13849
13853
13854
13855
13856
13857
13858
13859
13860
13861
13862
13863
13864
13865
13866
13867
13868
13869
13897
13899
13902
13905
13906
13907
13908
13909
13910
13911
13912
13913
13914
13915
13916
13917
13918
13919
13922
13940
13941
13942
13944
13945
13956
13957
13958
13959
13960
13961
13962
13963
13964
13967
13971
13973
13976
13984
13987
14004
14005
14007
14009
14010
14011
14012
14013
14014
14016
14018
14020
14022
14023
14024
14025
14026
14027
14028
14029
14030
14031
14032
14033
14034
14035
14036
14037
14038
14039
14040
14041
14042
14047
14052
14056
14059
14061
14062
14063
14064
14065
14066
14067
14068
14069
14071
14075
14077
14078
14080
14099
14100
14101
14104
14105
14106
14109
14111
14113
14117
14120
14124
14127
14129
14134
14147
14148
14149
14150
14151
14152
14153
14154
14155
14156
14157
14158
14159
14160
14161
14162
14163
14164
14165
14166
14167
14168
14169
14170
14172
14173
14174
14175
14176
14179
14181
14183
14188
14190
14192
14194
14200
14203
14204
14205
14206
14208
14212
14215
14216
14218
14220
14222
14225
14227
14233
14234
14235
14236
14237
14238
14239
14240
14242
14243
14244
14245
14246
14247
14249
14252
14254
14255
14256
14257
14258
14259
14260
14261
14262
14263
14265
14266
14267
14268
14269
14275
14277
14288
14290
14299
14310
14312
14323
14324
14325
14326
14327
14328
14329
14330
14332
14333
14334
14335
14336
14337
14338
14339
14340
14343
14344
14345
14347
14350
14351
14353
14356
14358
14362
14369
14370
14371
14372
14374
14375
14382
14385
14387
14389
14391
14394
14396
14405
14407
14408
14409
14410
14411
14412
14413
14414
14415
14416
14417
14418
14419
14420
14421
14422
14423
14425
14426
14427
14429
14430
14431
14432
14434
14438
14441
14443
14445
14448
14454
14463
14466
14469
14474
14477
14479
14480
14488
14490
14492
14494
14495
14496
14497
14498
14499
14500
14501
14502
14503
14504
14505
14506
14510
14512
14515
14519
14523
14525
14528
14535
14538
14539
14540
14542
14548
14550
14551
14552
14553
14554
14555
14556
14557
14558
14559
14560
14561
14562
14563
14564
14565
14566
14567
14568
14569
14570
14571
14572
14573
14574
14575
14576
14577
14578
14579
14580
14581
14582
14583
14584
14585
14590
14591
14594
14597
14604
14632
14633
14635
14636
14637
14638
14639
14640
14641
14642
14643
14647
14669
14686
14687
14688
14689
14690
14691
14692
14693
14694
14695
14696
14697
14698
14699
14700
14701
14702
14703
14704
14705
14710
14712
14714
14715
14716
14717
14718
14720
14721
14722
14723
14724
14725
14734
14735
14736
14738
14739
14741
14742
14743
14744
14745
14746
14747
14748
14749
14750
14751
14753
14755
14758
14759
14760
14761
14762
14766
14769
14771
14795
14796
14799
14801
14805
14807
14809
14813
14823
14824
14825
14826
14827
14828
14829
14830
14831
14833
14834
14835
14837
14838
14840
14841
14842
14856
14860
14863
14866
14867
14871
14873
14878
14880
14883
14886
14888
14891
14893
14894
14895
14896
14897
14898
14899
14900
14901
14902
14903
14904
14905
14906
14907
14908
14909
14910
14911
14912
14913
14914
14915
14916
14917
14918
14919
14920
14922
14923
14924
14925
14926
14927
14928
14929
14930
14931
14932
14934
14935
14936
14937
14938
14939
14941
14942
14943
14944
14945
14947
14948
14949
14950
14951
14952
14953
14954
14955
14957
14959
14965
14966
14983
14985
14987
14990
15019
15020
15021
15022
15024
15025
15026
15027
15028
15029
15030
15031
15032
15033
15035
15037
15040
15043
15045
15049
15055
15060
15062
15064
15065
15066
15067
15068
15069
15070
15071
15072
15073
15074
15076
15077
15078
15079
15080
15081
15082
15083
15084
15085
15086
15088
15091
15093
15096
15119
15122
15123
15124
15125
15126
15127
15128
15129
15130
15131
15132
15133
15134
15136
15137
15138
15139
15140
15141
15142
15143
15148
15160
15193
15194
15195
15196
15197
15198
15199
15200
15201
15202
15203
15204
15205
15206
15219
15220
15221
15222
15223
15224
15225
15229
15230
15231
15232
15233
15235
15236
15237
15240
15243
15249
15252
15254
15257
15260
15263
15267
15272
15274
15275
15278
15281
15284
15294
15295
15296
15297
15298
15299
15300
15303
15304
15306
15307
15314
15336
15337
15338
15339
15340
15341
15342
15343
15344
15345
15346
15347
15348
15349
15350
15351
15352
15353
15354
15355
15356
15357
15359
15360
15361
15362
15363
15364
15365
15366
15367
15368
15369
15370
15371
15372
15373
15374
15376
15377
15378
15379
15380
15381
15382
15383
15384
15385
15386
15387
15388
15389
15390
15395
15396
15397
15398
15404
15414
15419
15421
15422
15425
15431
15432
15434
15435
15436
15437
15438
15439
15440
15442
15451
15454
15459
15464
15465
15470
15473
15476
15479
15482
15485
15488
15490
15493
15495
15497
15506
15508
15509
15510
15511
15512
15514
15515
15516
15517
15518
15519
15520
15521
15522
15523
15524
15529
15532
15534
15538
15539
15553
15554
15557
15571
15573
15574
15575
15576
15577
15578
15579
15582
15583
15584
15589
15595
15598
15603
15604
15605
15606
15607
15608
15609
15614
15617
15626
15631
15633
15634
15635
15636
15637
15638
15639
15640
15641
15642
15643
15644
15647
15651
15654
15656
15659
15694
15695
15696
15697
15698
15699
15700
15701
15702
15703
15704
15705
15706
15707
15708
15709
15710
15711
15712
15713
15714
15715
15718
15720
15723
15727
15729
15731
15739
15742
15751
15753
15775
15783
15805
15806
15807
15808
15809
15810
15811
15812
15813
15814
15815
15816
15817
15818
15819
15822
15824
15826
15828
15832
15839
15843
15850
15853
15854
15855
15861
15867
15874
15877
15879
15882
15887
15897
15900
15903
15931
15932
15933
15934
15935
15936
15937
15938
15939
15940
15941
15942
15943
15944
15945
15946
15947
15948
15949
15950
15951
15958
15963
15966
15967
15971
15974
15976
15978
15979
15980
15984
15990
15991
15992
15993
15994
15995
15997
16000
16002
16006
16007
16008
16009
16010
16011
16012
16013
16014
16015
16016
16017
16020
16022
16028
16054
16063
16064
16065
16066
16067
16068
16069
16070
16071
16072
16073
16074
16075
16080
16085
16086
16089
16092
16094
16097
16119
16121
16123
16126
16127
16128
16130
16131
16133
16134
16136
16137
16138
16139
16140
16141
16142
16143
16144
16146
16154
16158
16161
16166
16190
16191
16192
16193
16195
16197
16200
16204
16211
16212
16213
16214
16215
16216
16217
16218
16220
16221
16222
16223
16224
16227
16229
16233
16235
16237
16248
16256
16259
16261
16263
16264
16265
16266
16267
16270
16273
16275
16276
16277
16278
16279
16280
16281
16282
16283
16284
16285
16286
16288
16290
16292
16298
16302
16333
16335
16336
16338
16341
16344
16345
16346
16347
16348
16349
16350
16351
16352
16353
16354
16355
16356
16357
16358
16359
16360
16363
16366
16369
16383
16390
16394
16396
16398
16401
16405
16406
16407
16409
16423
16424
16425
16426
16427
16429
16430
16431
16435
16438
16441
16450
16459
16470
16478
16480
16487
16489
16490
16493
16500
16501
16502
16503
16505
16506
16507
16508
16509
16510
16511
16512
16516
16526
16532
16536
16545
16582
16583
16584
16585
16586
16587
16588
16589
16590
16591
16592
16593
16594
16598
16603
16606
16608
16610
16625
16649
16650
16651
16652
16653
16654
16655
16657
16658
16661
16666
16667
16670
16677
16687
16691
16695
16698
16700
16702
16703
16704
16705
16706
16707
16708
16709
16710
16711
16712
16713
16715
16716
16717
16718
16719
16720
16732
16749
16756
16757
16758
16759
16760
16761
16762
16763
16764
16765
16766
16767
16768
16774
16778
16780
16810
16813
16815
16817
16818
16820
16822
16823
16836
16837
16839
16841
16842
16843
16844
16845
16854
16863
16899
16903
16908
16913
16920
16925
16928
16931
16932
16933
16934
16935
16936
16937
16938
16939
16940
16941
16942
16943
16944
16947
16949
16952
16955
16957
16960
16972
16978
16981
16994
16995
16996
16997
17000
17001
17002
17003
17020
17021
17022
17023
17027
17030
17033
17048
17060
17061
17062
17063
17064
17066
17067
17068
17069
17070
17071
17072
17073
17075
17076
17077
17078
17079
17080
17081
17082
17083
17084
17085
17090
17092
17093
17095
17102
17109
17111
17113
17127
17128
17129
17130
17131
17132
17133
17134
17135
17136
17137
17138
17140
17141
17144
17147
17152
17154
17155
17156
17187
17190
17194
17199
17204
17205
17206
17207
17208
17210
17211
17215
17218
17219
17253
17257
17267
17271
17280
17281
17282
17283
17284
17285
17286
17287
17288
17289
17292
17295
17305
17309
17313
17316
17318
17321
17325
17335
17336
17338
17343
17349
17353
17354
17362
17364
17368
17369
17371
17376
17383
17385
17386
17387
17388
17389
17390
17391
17392
17393
17394
17395
17396
17397
17398
17401
17404
17409
17412
17444
17446
17450
17453
17457
17462
17478
17479
17480
17481
17482
17483
17484
17485
17486
17487
17488
17489
17490
17493
17498
17544
17547
17553
17554
17555
17556
17557
17558
17559
17560
17561
17562
17563
17564
17565
17566
17567
17568
17569
17571
17572
17573
17574
17575
17576
17577
17578
17581
17585
17589
17591
17594
17596
17627
17631
17634
17636
17640
17643
17646
17649
17651
17658
17661
17664
17668
17669
17670
17671
17672
17673
17674
17675
17676
17677
17680
17683
17686
17689
17692
17694
17698
17705
17734
17738
17741
17762
17763
17764
17765
17766
17767
17768
17769
17770
17771
17772
17773
17774
17775
17776
17779
17782
17784
17787
17789
17791
17794
17796
17798
17801
17802
17803
17805
17809
17813
17815
17816
17817
17822
17830
17834
17839
17840
17842
17843
17844
17845
17846
17847
17848
17849
17850
17851
17852
17853
17854
17855
17856
17857
17858
17860
17874
17875
17877
17895
17896
17897
17898
17899
17900
17901
17902
17903
17905
17906
17907
17908
17909
17930
17942
17946
17958
17959
17960
17961
17962
17963
17964
17965
17966
17967
17968
17969
17970
17971
17972
17973
17974
17975
17976
17977
17978
17981
17982
17984
17987
17990
18021
18022
18023
18024
18026
18027
18030
18031
18032
18033
18034
18035
18036
18037
18038
18039
18040
18041
18042
18043
18080
18082
18084
18091
18098
18099
18100
18101
18102
18103
18104
18105
18106
18107
18108
18109
18110
18115
18118
18153
18156
18160
18162
18165
18167
18170
18173
18174
18175
18176
18177
18178
18180
18181
18182
18183
18199
18201
18217
18219
18222
18225
18230
18251
18252
18253
18255
18256
18257
18258
18259
18265
18270
18272
18276
18278
18328
18329
18330
18331
18332
18333
18334
18335
18336
18337
18338
18339
18340
18341
18342
18343
18344
18345
18347
18348
18349
18350
18353
18356
18401
18407
18409
18413
18415
18418
18421
18422
18423
18424
18425
18426
18427
18428
18429
18430
18431
18432
18433
18436
18438
18439
18460
18463
18470
18473
18475
18479
18481
18483
18484
18485
18486
18487
18489
18490
18491
18492
18493
18494
18495
18496
18497
18538
18541
18546
18547
18548
18549
18550
18551
18552
18553
18554
18555
18557
18558
18559
18575
18603
18604
18605
18606
18607
18608
18609
18610
18617
18619
18620
18621
18623
18626
18634
18644
18649
18655
18662
18663
18694
18695
18696
18697
18698
18699
18700
18701
18702
18703
18705
18709
18713
18717
18720
18723
18732
18735
18738
18741
18743
18746
18748
18750
18755
18756
18759
18762
18763
18764
18765
18769
18773
18775
18778
18781
18784
18786
18788
18795
18796
18797
18798
18799
18800
18801
18802
18803
18804
18821
18829
18831
18834
18863
18864
18865
18866
18867
18868
18869
18870
18871
18872
18873
18874
18875
18876
18877
18878
18884
18893
18895
18902
18907
18908
18909
18910
18911
18913
18915
18916
18917
18918
18919
18921
18931
18939
18943
18948
18949
18951
18952
18953
18955
18957
18960
18964
18968
18972
18975
18980
18983
18986
18994
18995
19003
19006
19011
19018
19020
19022
19024
19025
19029
19030
19031
19032
19033
19034
19035
19036
19037
19038
19039
19064
19067
19071
19073
19078
19082
19085
19086
19087
19088
19091
19093
19094
19100
19102
19104
19106
19109
19111
19115
19122
19123
19124
19125
19126
19127
19128
19129
19130
19131
19133
19136
19137
19138
19139
19140
19141
19142
19143
19144
19145
19146
19147
19148
19149
19150
19151
19152
19153
19154
19155
19158
19160
19166
19169
19174
19176
19187
19189
19191
19198
19199
19200
19201
19202
19203
19204
19205
19206
19207
19208
19210
19212
19214
19222
19223
19234
19237
19239
19245
19249
19252
19255
19258
19259
19260
19261
19263
19266
19268
19269
19270
19272
19274
19281
19284
19287
19290
19294
19298
19299
19300
19301
19302
19303
19304
19307
19311
19312
19313
19314
19316
19319
19323
19333
19334
19335
19336
19337
19338
19339
19340
19341
19342
19343
19344
19345
19346
19347
19348
19349
19350
19351
19352
19353
19354
19355
19357
19361
19362
19366
19371
19373
19377
19380
19381
19384
19386
19387
19389
19391
19392
19393
19394
19395
19396
19397
19398
19399
19401
19402
19403
19404
19405
19412
19415
19435
19436
19437
19439
19443
19447
19449
19452
19453
19456
19459
19462
19464
19467
19470
19477
19478
19479
19481
19482
19483
19484
19485
19486
19487
19488
19489
19490
19491
19492
19493
19494
19495
19508
19509
19512
19514
19516
19525
19530
19531
19533
19540
19541
19542
19543
19544
19545
19546
19547
19549
19551
19556
19577
19582
19583
19585
19586
19589
19593
19596
19600
19606
19612
19613
19628
19629
19630
19631
19632
19633
19634
19635
19636
19637
19638
19639
19640
19643
19647
19651
19662
19666
19690
19696
19697
19698
19699
19700
19701
19702
19703
19704
19705
19706
19707
19708
19709
19710
19711
19712
19713
19742
19746
19748
19753
19757
19760
19764
19765
19766
19767
19768
19769
19770
19771
19772
19773
19774
19775
19777
19780
19781
19809
19814
19818
19821
19824
19825
19829
19831
19834
19836
19840
19842
19843
19844
19845
19846
19847
19848
19849
19850
19851
19852
19856
19859
19861
19863
19897
19899
19902
19906
19911
19919
19920
19921
19923
19924
19925
19926
19930
19934
19936
19942
19943
19951
19955
19957
19959
19960
19962
19963
19964
19965
19966
19967
19968
19969
19970
19971
19972
19973
19974
19975
19978
19982
19988
19993
19996
20008
20009
20010
20011
20012
20015
20016
20017
20018
20019
20020
20021
20022
20023
20024
20025
20026
20027
20028
20029
20030
20031
20032
20059
20066
20073
20082
20084
20085
20086
20087
20088
20089
20090
20092
20094
20098
20102
20111
20130
20133
20136
20158
20159
20160
20161
20162
20163
20164
20165
20166
20168
20172
20186
20187
20189
20190
20191
20193
20197
20199
20202
20205
20207
20210
20214
20218
20220
20222
20223
20224
20225
20226
20227
20228
20232
20234
20235
20236
20237
20253
20254
20258
20259
20260
20261
20262
20263
20264
20265
20266
20267
20268
20297
20300
20302
20309
20311
20312
20313
20315
20316
20317
20318
20319
20320
20321
20322
20323
20324
20325
20326
20327
20328
20329
20330
20331
20336
20356
20358
20360
20364
20369
20372
20388
20390
20393
20394
20395
20396
20397
20398
20399
20400
20403
20411
20413
20417
20418
20419
20422
20427
20428
20430
20431
20432
20447
20448
20449
20450
20451
20452
20453
20454
20455
20459
20460
20465
20469
20472
20486
20489
20501
20504
20506
20514
20515
20519
20521
20522
20523
20524
20525
20526
20530
20532
20533
20535
20538
20542
20543
20563
20564
20572
20575
20577
20579
20589
20593
20596
20597
20598
20599
20600
20601
20602
20603
20604
20605
20606
20607
20608
20609
20610
20611
20612
20615
20617
20619
20622
20624
20625
20627
20635
20648
20649
20650
20651
20654
20658
20661
20662
20663
20664
20665
20666
20667
20668
20669
20671
20672
20673
20674
20675
20676
20677
20678
20679
20681
20682
20683
20684
20685
20686
20687
20691
20703
20710
20711
20715
20718
20721
20722
20725
20726
20728
20732
20733
20734
20735
20737
20738
20739
20740
20741
20742
20743
20744
20745
20746
20747
20748
20762
20765
20768
20770
20773
20776
20778
20780
20789
20790
20791
20792
20793
20794
20795
20796
20797
20798
20799
20800
20801
20802
20809
20822
20823
20824
20828
20829
20835
20838
20843
20851
20854
20856
20859
20861
20862
20863
20864
20865
20866
20867
20868
20869
20870
20871
20872
20873
20874
20875
20877
20878
20879
20880
20881
20882
20883
20885
20889
20890
20891
20892
20893
20894
20895
20896
20902
20908
20912
20914
20921
20922
20923
20924
20925
20926
20927
20928
20929
20930
20931
20932
20933
20934
20935
20936
20937
20939
20945
20949
20952
20954
20955
20956
20958
20959
20960
20961
20962
20965
20971
20974
20978
20982
20987
20988
20989
20990
20991
20992
20993
20994
20995
20996
20997
20998
20999
21001
21002
21003
21004
21005
21006
21007
21008
21009
21010
21024
21027
21033
21039
21042
21045
21046
21059
21060
21061
21062
21063
21064
21065
21066
21067
21068
21069
21070
21071
21072
21073
21074
21075
21076
21077
21081
21084
21100
21105
21114
21118
21119
21120
21121
21122
21123
21124
21125
21126
21127
21132
21136
21139
21141
21146
21155
21167
21168
21170
21171
21172
21176
21179
21180
21181
21182
21183
21184
21185
21186
21187
21188
21189
21193
21195
21198
21202
21204
21208
21212
21216
21219
21224
21227
21229
21235
21238
21240
21243
21248
21253
21255
21257
21264
21265
21267
21270
21278
21279
21280
21282
21283
21284
21285
21286
21287
21288
21289
21290
21291
21292
21293
21318
21319
21320
21321
21322
21323
21324
21325
21326
21327
21328
21329
21330
21331
21332
21333
21334
21335
21371
21372
21373
21374
21375
21376
21377
21378
21379
21380
21381
21382
21383
21388
21391
21392
21394
21397
21418
21419
21420
21425
21427
21430
21433
21435
21438
21441
21443
21446
21447
21448
21449
21450
21451
21452
21453
21454
21455
21456
21457
21458
21459
21460
21461
21462
21463
21499
21502
21504
21505
21506
21507
21508
21509
21510
21511
21512
21513
21514
21515
21519
21521
21522
21523
21526
21528
21546
21547
21548
21559
21561
21563
21564
21565
21566
21568
21569
21570
21573
21605
21606
21607
21608
21609
21610
21611
21612
21613
21614
21615
21616
21617
21618
21665
21666
21667
21668
21669
21670
21671
21672
21673
21674
21675
21676
21677
21688
21692
21694
21696
21697
21702
21706
21707
21708
21709
21710
21712
21716
21719
21722
21724
21726
21730
21734
21735
21736
21737
21738
21739
21740
21855
21857
21858
21859
21860
21861
21863
21864
21866
21868
21869
21870
21873
21874
21876
21877
21878
21880
21883
21894
21896
21897
21899
21901
21907
21920
21922
21925
21931
21936
21937
21938
21939
21940
21942
21953
21960
21963
21968
21970
21976
21977
21981
21989
21993
21994
21995
21996
22000
22003
22010
22015
22019
22021
22024
22026
22034
22035
22037
22038
22039
22040
22041
22042
22043
22044
22045
22046
22047
22048
22049
22050
22051
22052
22053
22054
22055
22056
22057
22058
22059
22060
22061
22064
22066
22076
22077
22078
22079
22080
22081
22082
22083
22084
22085
22086
22087
22088
22089
22090
22091
22092
22093
22095
22096
22097
22099
22101
22104
22106
22108
22113
22114
22115
22116
22117
22118
22119
22120
22121
22122
22124
22126
22132
22136
22137
22174
22175
22177
22181
22186
22193
22196
22199
22205
22206
22207
22208
22209
22210
22211
22216
22217
22218
22219
22220
22222
22224
22227
22230
22258
22259
22260
22261
22268
22272
22273
22275
22276
22277
22278
22279
22280
22281
22282
22283
22284
22285
22286
22288
22289
22290
22295
22298
22301
22308
22309
22327
22328
22329
22330
22331
22333
22334
22335
22336
22337
22338
22339
22340
22342
22343
22344
22345
22346
22347
22348
22349
22350
22351
22354
22355
22357
22358
22364
22369
22391
22398
22401
22402
22403
22404
22406
22407
22408
22409
22410
22411
22412
22413
22415
22421
22429
22434
22449
22462
22463
22466
22474
22477
22483
22491
22492
22493
22494
22495
22496
22497
22498
22499
22500
22501
22512
22540
22542
22545
22546
22547
22548
22552
22553
22555
22557
22563
22564
22565
22566
22567
22568
22569
22570
22571
22572
22573
22574
22576
22578
22580
22581
22583
22586
22589
22592
22615
22617
22620
22622
22626
22630
22643
22646
22647
22651
22661
22662
22663
22664
22665
22666
22667
22668
22669
22670
22671
22672
22674
22675
22690
22693
22707
22708
22710
22712
22713
22714
22715
22716
22717
22718
22719
22720
22721
22722
22723
22724
22725
22726
22727
22728
22729
22730
22731
22732
22733
22734
22735
22736
22737
22738
22749
22756
22781
22782
22783
22784
22785
22786
22787
22788
22789
22790
22791
22792
22793
22797
22798
22799
22801
22802
22803
22804
22805
22806
22807
22808
22810
22811
22812
22813
22818
22822
22824
22825
22826
22828
22831
22840
22842
22848
22852
22853
22854
22857
22863
22864
22865
22866
22867
22868
22869
22870
22873
22876
22889
22894
22897
22902
22911
22913
22914
22917
22919
22926
22955
22956
22957
22958
22960
22961
22962
22963
22964
22965
22966
22967
22968
22969
22978
22980
22983
22984
22985
22986
22987
22989
22990
22991
22992
22993
22997
23000
23003
23008
23009
23010
23011
23032
23039
23055
23061
23067
23078
23082
23085
23088
23091
23095
23096
23097
23098
23099
23100
23101
23102
23103
23104
23105
23109
23118
23119
23121
23124
23141
23142
23143
23144
23145
23149
23153
23159
23160
23161
23162
23163
23164
23165
23166
23167
23168
23169
23170
23171
23172
23174
23183
23185
23190
23194
23198
23202
23208
23218
23222
23226
23229
23235
23238
23243
23246
23249
23254
23257
23258
23259
23260
23261
23262
23263
23264
23265
23266
23267
23268
23269
23270
23272
23273
23274
23275
23276
23278
23281
23284
23287
